# turbine_id x y
0 492.313600 492.313600
1 492.313600 1476.928000
2 492.313600 2461.542400
3 492.313600 3446.156800
4 492.313600 4430.771200
5 492.313600 5415.385600
6 492.313600 6400.000000
7 492.313600 7384.614400
8 492.313600 8369.228800
9 492.313600 9353.843200
10 492.313600 10338.457600
11 492.313600 11323.072000
12 492.313600 12307.686400
13 1476.928000 492.313600
14 1476.928000 1476.928000
15 1476.928000 2461.542400
16 1476.928000 3446.156800
17 1476.928000 4430.771200
18 1476.928000 5415.385600
19 1476.928000 6400.000000
20 1476.928000 7384.614400
21 1476.928000 8369.228800
22 1476.928000 9353.843200
23 1476.928000 10338.457600
24 1476.928000 11323.072000
25 1476.928000 12307.686400
26 2461.542400 492.313600
27 2461.542400 1476.928000
28 2461.542400 2461.542400
29 2461.542400 3446.156800
30 2461.542400 4430.771200
31 2461.542400 5415.385600
32 2461.542400 6400.000000
33 2461.542400 7384.614400
34 2461.542400 8369.228800
35 2461.542400 9353.843200
36 2461.542400 10338.457600
37 2461.542400 11323.072000
38 2461.542400 12307.686400
39 3446.156800 492.313600
40 3446.156800 1476.928000
41 3446.156800 2461.542400
42 3446.156800 3446.156800
43 3446.156800 4430.771200
44 3446.156800 5415.385600
45 3446.156800 6400.000000
46 3446.156800 7384.614400
47 3446.156800 8369.228800
48 3446.156800 9353.843200
49 3446.156800 10338.457600
50 3446.156800 11323.072000
51 3446.156800 12307.686400
52 4430.771200 492.313600
53 4430.771200 1476.928000
54 4430.771200 2461.542400
55 4430.771200 3446.156800
56 4430.771200 4430.771200
57 4430.771200 5415.385600
58 4430.771200 6400.000000
59 4430.771200 7384.614400
60 4430.771200 8369.228800
61 4430.771200 9353.843200
62 4430.771200 10338.457600
63 4430.771200 11323.072000
64 4430.771200 12307.686400
65 5415.385600 492.313600
66 5415.385600 1476.928000
67 5415.385600 2461.542400
68 5415.385600 3446.156800
69 5415.385600 4430.771200
70 5415.385600 5415.385600
71 5415.385600 6400.000000
72 5415.385600 7384.614400
73 5415.385600 8369.228800
74 5415.385600 9353.843200
75 5415.385600 10338.457600
76 5415.385600 11323.072000
77 5415.385600 12307.686400
78 6400.000000 492.313600
79 6400.000000 1476.928000
80 6400.000000 2461.542400
81 6400.000000 3446.156800
82 6400.000000 4430.771200
83 6400.000000 5415.385600
84 6400.000000 6400.000000
85 6400.000000 7384.614400
86 6400.000000 8369.228800
87 6400.000000 9353.843200
88 6400.000000 10338.457600
89 6400.000000 11323.072000
90 6400.000000 12307.686400
91 7384.614400 492.313600
92 7384.614400 1476.928000
93 7384.614400 2461.542400
94 7384.614400 3446.156800
95 7384.614400 4430.771200
96 7384.614400 5415.385600
97 7384.614400 6400.000000
98 7384.614400 7384.614400
99 7384.614400 8369.228800
100 7384.614400 9353.843200
101 7384.614400 10338.457600
102 7384.614400 11323.072000
103 7384.614400 12307.686400
104 8369.228800 492.313600
105 8369.228800 1476.928000
106 8369.228800 2461.542400
107 8369.228800 3446.156800
108 8369.228800 4430.771200
109 8369.228800 5415.385600
110 8369.228800 6400.000000
111 8369.228800 7384.614400
112 8369.228800 8369.228800
113 8369.228800 9353.843200
114 8369.228800 10338.457600
115 8369.228800 11323.072000
116 8369.228800 12307.686400
117 9353.843200 492.313600
118 9353.843200 1476.928000
119 9353.843200 2461.542400
120 9353.843200 3446.156800
121 9353.843200 4430.771200
122 9353.843200 5415.385600
123 9353.843200 6400.000000
124 9353.843200 7384.614400
125 9353.843200 8369.228800
126 9353.843200 9353.843200
127 9353.843200 10338.457600
128 9353.843200 11323.072000
129 9353.843200 12307.686400
130 10338.457600 492.313600
131 10338.457600 1476.928000
132 10338.457600 2461.542400
133 10338.457600 3446.156800
134 10338.457600 4430.771200
135 10338.457600 5415.385600
136 10338.457600 6400.000000
137 10338.457600 7384.614400
138 10338.457600 8369.228800
139 10338.457600 9353.843200
140 10338.457600 10338.457600
141 10338.457600 11323.072000
142 10338.457600 12307.686400
143 11323.072000 492.313600
144 11323.072000 1476.928000
145 11323.072000 2461.542400
146 11323.072000 3446.156800
147 11323.072000 4430.771200
148 11323.072000 5415.385600
149 11323.072000 6400.000000
150 11323.072000 7384.614400
151 11323.072000 8369.228800
152 11323.072000 9353.843200
153 11323.072000 10338.457600
154 11323.072000 11323.072000
155 11323.072000 12307.686400
156 12307.686400 492.313600
157 12307.686400 1476.928000
158 12307.686400 2461.542400
159 12307.686400 3446.156800
160 12307.686400 4430.771200
161 12307.686400 5415.385600
162 12307.686400 6400.000000
163 12307.686400 7384.614400
164 12307.686400 8369.228800
165 12307.686400 9353.843200
166 12307.686400 10338.457600
167 12307.686400 11323.072000
168 12307.686400 12307.686400
