# turbine_id x y
0 711.143200 711.143200
1 711.143200 2133.357400
2 711.143200 3555.571600
3 711.143200 4977.785800
4 711.143200 6400.000000
5 711.143200 7822.214200
6 711.143200 9244.428400
7 711.143200 10666.642600
8 711.143200 12088.856800
9 2133.357400 711.143200
10 2133.357400 2133.357400
11 2133.357400 3555.571600
12 2133.357400 4977.785800
13 2133.357400 6400.000000
14 2133.357400 7822.214200
15 2133.357400 9244.428400
16 2133.357400 10666.642600
17 2133.357400 12088.856800
18 3555.571600 711.143200
19 3555.571600 2133.357400
20 3555.571600 3555.571600
21 3555.571600 4977.785800
22 3555.571600 6400.000000
23 3555.571600 7822.214200
24 3555.571600 9244.428400
25 3555.571600 10666.642600
26 3555.571600 12088.856800
27 4977.785800 711.143200
28 4977.785800 2133.357400
29 4977.785800 3555.571600
30 4977.785800 4977.785800
31 4977.785800 6400.000000
32 4977.785800 7822.214200
33 4977.785800 9244.428400
34 4977.785800 10666.642600
35 4977.785800 12088.856800
36 6400.000000 711.143200
37 6400.000000 2133.357400
38 6400.000000 3555.571600
39 6400.000000 4977.785800
40 6400.000000 6400.000000
41 6400.000000 7822.214200
42 6400.000000 9244.428400
43 6400.000000 10666.642600
44 6400.000000 12088.856800
45 7822.214200 711.143200
46 7822.214200 2133.357400
47 7822.214200 3555.571600
48 7822.214200 4977.785800
49 7822.214200 6400.000000
50 7822.214200 7822.214200
51 7822.214200 9244.428400
52 7822.214200 10666.642600
53 7822.214200 12088.856800
54 9244.428400 711.143200
55 9244.428400 2133.357400
56 9244.428400 3555.571600
57 9244.428400 4977.785800
58 9244.428400 6400.000000
59 9244.428400 7822.214200
60 9244.428400 9244.428400
61 9244.428400 10666.642600
62 9244.428400 12088.856800
63 10666.642600 711.143200
64 10666.642600 2133.357400
65 10666.642600 3555.571600
66 10666.642600 4977.785800
67 10666.642600 6400.000000
68 10666.642600 7822.214200
69 10666.642600 9244.428400
70 10666.642600 10666.642600
71 10666.642600 12088.856800
72 12088.856800 711.143200
73 12088.856800 2133.357400
74 12088.856800 3555.571600
75 12088.856800 4977.785800
76 12088.856800 6400.000000
77 12088.856800 7822.214200
78 12088.856800 9244.428400
79 12088.856800 10666.642600
80 12088.856800 12088.856800
