# turbine_id x y
0 1279.997200 1279.997200
1 1279.997200 3839.998600
2 1279.997200 6400.000000
3 1279.997200 8960.001400
4 1279.997200 11520.002800
5 3839.998600 1279.997200
6 3839.998600 3839.998600
7 3839.998600 6400.000000
8 3839.998600 8960.001400
9 3839.998600 11520.002800
10 6400.000000 1279.997200
11 6400.000000 3839.998600
12 6400.000000 6400.000000
13 6400.000000 8960.001400
14 6400.000000 11520.002800
15 8960.001400 1279.997200
16 8960.001400 3839.998600
17 8960.001400 6400.000000
18 8960.001400 8960.001400
19 8960.001400 11520.002800
20 11520.002800 1279.997200
21 11520.002800 3839.998600
22 11520.002800 6400.000000
23 11520.002800 8960.001400
24 11520.002800 11520.002800
