# turbine_id x y
0 581.770000 581.770000
1 581.770000 1745.416000
2 581.770000 2909.062000
3 581.770000 4072.708000
4 581.770000 5236.354000
5 581.770000 6400.000000
6 581.770000 7563.646000
7 581.770000 8727.292000
8 581.770000 9890.938000
9 581.770000 11054.584000
10 581.770000 12218.230000
11 1745.416000 581.770000
12 1745.416000 1745.416000
13 1745.416000 2909.062000
14 1745.416000 4072.708000
15 1745.416000 5236.354000
16 1745.416000 6400.000000
17 1745.416000 7563.646000
18 1745.416000 8727.292000
19 1745.416000 9890.938000
20 1745.416000 11054.584000
21 1745.416000 12218.230000
22 2909.062000 581.770000
23 2909.062000 1745.416000
24 2909.062000 2909.062000
25 2909.062000 4072.708000
26 2909.062000 5236.354000
27 2909.062000 6400.000000
28 2909.062000 7563.646000
29 2909.062000 8727.292000
30 2909.062000 9890.938000
31 2909.062000 11054.584000
32 2909.062000 12218.230000
33 4072.708000 581.770000
34 4072.708000 1745.416000
35 4072.708000 2909.062000
36 4072.708000 4072.708000
37 4072.708000 5236.354000
38 4072.708000 6400.000000
39 4072.708000 7563.646000
40 4072.708000 8727.292000
41 4072.708000 9890.938000
42 4072.708000 11054.584000
43 4072.708000 12218.230000
44 5236.354000 581.770000
45 5236.354000 1745.416000
46 5236.354000 2909.062000
47 5236.354000 4072.708000
48 5236.354000 5236.354000
49 5236.354000 6400.000000
50 5236.354000 7563.646000
51 5236.354000 8727.292000
52 5236.354000 9890.938000
53 5236.354000 11054.584000
54 5236.354000 12218.230000
55 6400.000000 581.770000
56 6400.000000 1745.416000
57 6400.000000 2909.062000
58 6400.000000 4072.708000
59 6400.000000 5236.354000
60 6400.000000 6400.000000
61 6400.000000 7563.646000
62 6400.000000 8727.292000
63 6400.000000 9890.938000
64 6400.000000 11054.584000
65 6400.000000 12218.230000
66 7563.646000 581.770000
67 7563.646000 1745.416000
68 7563.646000 2909.062000
69 7563.646000 4072.708000
70 7563.646000 5236.354000
71 7563.646000 6400.000000
72 7563.646000 7563.646000
73 7563.646000 8727.292000
74 7563.646000 9890.938000
75 7563.646000 11054.584000
76 7563.646000 12218.230000
77 8727.292000 581.770000
78 8727.292000 1745.416000
79 8727.292000 2909.062000
80 8727.292000 4072.708000
81 8727.292000 5236.354000
82 8727.292000 6400.000000
83 8727.292000 7563.646000
84 8727.292000 8727.292000
85 8727.292000 9890.938000
86 8727.292000 11054.584000
87 8727.292000 12218.230000
88 9890.938000 581.770000
89 9890.938000 1745.416000
90 9890.938000 2909.062000
91 9890.938000 4072.708000
92 9890.938000 5236.354000
93 9890.938000 6400.000000
94 9890.938000 7563.646000
95 9890.938000 8727.292000
96 9890.938000 9890.938000
97 9890.938000 11054.584000
98 9890.938000 12218.230000
99 11054.584000 581.770000
100 11054.584000 1745.416000
101 11054.584000 2909.062000
102 11054.584000 4072.708000
103 11054.584000 5236.354000
104 11054.584000 6400.000000
105 11054.584000 7563.646000
106 11054.584000 8727.292000
107 11054.584000 9890.938000
108 11054.584000 11054.584000
109 11054.584000 12218.230000
110 12218.230000 581.770000
111 12218.230000 1745.416000
112 12218.230000 2909.062000
113 12218.230000 4072.708000
114 12218.230000 5236.354000
115 12218.230000 6400.000000
116 12218.230000 7563.646000
117 12218.230000 8727.292000
118 12218.230000 9890.938000
119 12218.230000 11054.584000
120 12218.230000 12218.230000
