# turbine_id x y
0 914.291200 914.291200
1 914.291200 2742.860800
2 914.291200 4571.430400
3 914.291200 6400.000000
4 914.291200 8228.569600
5 914.291200 10057.139200
6 914.291200 11885.708800
7 2742.860800 914.291200
8 2742.860800 2742.860800
9 2742.860800 4571.430400
10 2742.860800 6400.000000
11 2742.860800 8228.569600
12 2742.860800 10057.139200
13 2742.860800 11885.708800
14 4571.430400 914.291200
15 4571.430400 2742.860800
16 4571.430400 4571.430400
17 4571.430400 6400.000000
18 4571.430400 8228.569600
19 4571.430400 10057.139200
20 4571.430400 11885.708800
21 6400.000000 914.291200
22 6400.000000 2742.860800
23 6400.000000 4571.430400
24 6400.000000 6400.000000
25 6400.000000 8228.569600
26 6400.000000 10057.139200
27 6400.000000 11885.708800
28 8228.569600 914.291200
29 8228.569600 2742.860800
30 8228.569600 4571.430400
31 8228.569600 6400.000000
32 8228.569600 8228.569600
33 8228.569600 10057.139200
34 8228.569600 11885.708800
35 10057.139200 914.291200
36 10057.139200 2742.860800
37 10057.139200 4571.430400
38 10057.139200 6400.000000
39 10057.139200 8228.569600
40 10057.139200 10057.139200
41 10057.139200 11885.708800
42 11885.708800 914.291200
43 11885.708800 2742.860800
44 11885.708800 4571.430400
45 11885.708800 6400.000000
46 11885.708800 8228.569600
47 11885.708800 10057.139200
48 11885.708800 11885.708800
