# turbine_id x y
0   392.699 261.799
1   392.699 785.398
2   392.699 1308.997
3   392.699 1832.5964
4   392.699 2356.194
5   392.699 2879.7936 
6   1178.097 261.799
7   1178.097 785.398
8   1178.097 1308.997
9   1178.097 1832.596
10  1178.097 2356.194
11  1178.097 2879.793
12  1963.495 261.799
13  1963.495 785.398
14  1963.495 1308.997
15  1963.495 1832.596
16  1963.495 2356.194
17  1963.495 2879.793
18  2748.894 261.799
19  2748.894 785.398
20  2748.894 1308.997
21  2748.894 1832.596
22  2748.894 2356.194
23  2748.894 2879.793